params230172118,
230172125,230172126,230172127,
230172197,
230172955,
230172240,
230173222,
230172128,
230172808,
230172823,230172824,
230173221,
230173220,
230172864,
230172499,
175-24223710/66090201258/1/230172787/1/27.22
230172813,
230172788,
230172670,
230172671,
230172896,
230172168,
230172912,
230172152,
230172383,230172384,230172385,
230172807,
230172821,230172817,230172818,
230172213,230172214,
230172206,
230172271,
230172847,
230173352,
230172849,230172850,230172851,
230172887,230172888,
230173296,
230172869,230172870,
230172246,
175-24223710/93042534117/1/230172666/1/3.24
230172868,
230172254,
230173362,
230172269,230172270,
230172852,230172853,230172854,230172855,
230172985,
230172700,
230172863,
230172937,
230172146,230172147,
230172162,
230172919,230172920,230172921,
230172633,
230172845,230172846,
230172272,
230173009
230172645,
175-24223835/59102813883/1/230175190/1/22.68
230173379,
230173381,
230175190,
230173383,
230172150
230172161,
230172936,
230172456
230172248,
230172221,
230172970,
230172980,
230172799,230172800,
175-24223732/86100922918/1/230172163/1/5.90
230174528,
230172820,
230172500,
230172191,
230172502,
230172820,
230172241,
230174503,
230172893,
230172966,
230172229,
230173469,
230174512,
230173528,
230172998,
230173520,
230174564,
230172943,
230174166,
230172810,
230172189,
230174293,
230172186,
230172895,
230173412,
230172986,
230172454,
230172986,
230172501,
230172796,230172797,
230172831,
230172498,
230174378,
230174527,
230172801,
230173411,
230173761,
230173578,
230173578,
230173410,
230172894,
230174885,
230174761,
230172260,
230174486,
230174826,
230173741,
230172925,
230172803,230172804,
230172829,
230172835,
230174900,
230173006,
230172903,230172904,230172905,230172906,230172907,
230172795,
230174040,
230174247,
230174494,
230172832,
230174157,
230172230,
230173306,
230174795,
230172631,2301726032
230172252,
230172644,
230172836,
230174667,
230172999,
230172372,
175-24223721/66102127990/4/230172599/1/0.14/230172600/1/0.14/230172601/1/0.14/230172602/1/0.14
175-24223721/06080779455/4/230172579/1/0.14/230172580/1/0.14/230172581/1/0.14/230172582/1/0.14
175-24223721/59091903137/4/230172575/1/0.14/230172576/1/0.14/230172577/1/0.14/230172578/1/0.14
175-24223721/74040710451/4/230172611/1/0.14/230172612/1/0.14/230172613/1/0.14/230172614/1/0.14
175-24223721/85070122669/4/230172595/1/0.14/230172596/1/0.14/230172597/1/0.14/230172598/1/0.14
175-24223721/00040480737/4/230172619/1/0.14/230172620/1/0.14/230172621/1/0.14/230172622/1/0.14
175-24223721/01100860905/4/230172583/1/0.14/230172584/1/0.14/230172585/1/0.14/230172586/1/0.14
175-24223721/63110816831/4/230172607/1/0.14/230172608/1/0.14/230172609/1/0.14/230172610/1/0.14
175-24223721/72091720118/4/230172615/1/0.14/230172616/1/0.14/230172617/1/0.14/230172618/1/0.14
175-24223721/97102321335/4/230172623/1/0.14/230172624/1/0.14/230172625/1/0.14/230172626/1/0.14
175-24223721/73100517938/4/230172603/1/0.14/230172604/1/0.14/230172605/1/0.14/230172606/1/0.14
175-24223721/80102615254/4/230172587/1/0.14/230172588/1/0.14/230172589/1/0.14/230172590/1/0.14
175-24223721/66021007857/4/230172591/1/0.14/230172592/1/0.14/230172593/1/0.14/230172594/1/0.14

175-24223721/66102127990/4/230172599/1/0.14/230172600/1/0.14/230172601/1/0.14/230172602/1/0.14
175-24223721/06080779455/4/230172579/1/0.14/230172580/1/0.14/230172581/1/0.14/230172582/1/0.14
175-24223721/59091903137/4/230172575/1/0.14/230172576/1/0.14/230172577/1/0.14/230172578/1/0.14
175-24223721/74040710451/4/230172611/1/0.14/230172612/1/0.14/230172613/1/0.14/230172614/1/0.14
175-24223721/85070122669/4/230172595/1/0.14/230172596/1/0.14/230172597/1/0.14/230172598/1/0.14
175-24223721/00040480737/4/230172619/1/0.14/230172620/1/0.14/230172621/1/0.14/230172622/1/0.14
175-24223721/01100860905/4/230172583/1/0.14/230172584/1/0.14/230172585/1/0.14/230172586/1/0.14
175-24223721/63110816831/4/230172607/1/0.14/230172608/1/0.14/230172609/1/0.14/230172610/1/0.14
175-24223721/72091720118/4/230172615/1/0.14/230172616/1/0.14/230172617/1/0.14/230172618/1/0.14
175-24223721/97102321335/4/230172623/1/0.14/230172624/1/0.14/230172625/1/0.14/230172626/1/0.14
175-24223721/73100517938/4/230172603/1/0.14/230172604/1/0.14/230172605/1/0.14/230172606/1/0.14
175-24223721/80102615254/4/230172587/1/0.14/230172588/1/0.14/230172589/1/0.14/230172590/1/0.14
175-24223721/66021007857/4/230172591/1/0.14/230172592/1/0.14/230172593/1/0.14/230172594/1/0.14


175-24223721/66102127990/4/230172599/1/0.14/230172600/1/0.14/230172601/1/0.14/230172602/1/0.14
175-24223721/06080779455/4/230172579/1/0.14/230172580/1/0.14/230172581/1/0.14/230172582/1/0.14
175-24223721/59091903137/4/230172575/1/0.14/230172576/1/0.14/230172577/1/0.14/230172578/1/0.14
175-24223721/74040710451/4/230172611/1/0.14/230172612/1/0.14/230172613/1/0.14/230172614/1/0.14
175-24223721/85070122669/4/230172595/1/0.14/230172596/1/0.14/230172597/1/0.14/230172598/1/0.14
175-24223721/00040480737/4/230172619/1/0.14/230172620/1/0.14/230172621/1/0.14/230172622/1/0.14
175-24223721/01100860905/4/230172583/1/0.14/230172584/1/0.14/230172585/1/0.14/230172586/1/0.14
175-24223721/63110816831/4/230172607/1/0.14/230172608/1/0.14/230172609/1/0.14/230172610/1/0.14
175-24223721/72091720118/4/230172615/1/0.14/230172616/1/0.14/230172617/1/0.14/230172618/1/0.14
175-24223721/97102321335/4/230172623/1/0.14/230172624/1/0.14/230172625/1/0.14/230172626/1/0.14
175-24223721/73100517938/4/230172603/1/0.14/230172604/1/0.14/230172605/1/0.14/230172606/1/0.14
175-24223721/80102615254/4/230172587/1/0.14/230172588/1/0.14/230172589/1/0.14/230172590/1/0.14
175-24223721/66021007857/4/230172591/1/0.14/230172592/1/0.14/230172593/1/0.14/230172594/1/0.14


230172368,230172369,230172370,230172371,
230172393,230172394,230172395,230172396,
230172421,230172422,230172423,230172424,
230172417,230172418,230172419,230172420,
230172356,230172357,230172358,230172359,
230172760,230172761,230172762,230172763,
230172389,230172390,230172391,230172392,
230172413,230172414,230172415,230172416,
230172352,230172353,230172354,230172355,
230172401,230172402,230172403,230172404,
230172397,230172398,230172399,230172400,
230172348,230172349,230172350,230172351,
230172405,230172406,230172407,230172408,
230172409,230172410,230172411,230172412,
230172360,230172361,230172362,230172363,
230172457,230172458,230172459,230172460,
230172473,230172474,230172475,230172476,
230172485,230172486,230172487,230172488,
230172430,230172431,230172432,230172433,
230172442,230172443,230172444,230172445,
230172450,230172451,230172452,230172453,
230172477,230172478,230172479,230172480,
230172446,230172447,230172448,230172449,
230172469,230172470,230172471,230172472,
230172481,230172482,230172483,230172484,
230172463,230172464,230172461,230172462,
230172438,230172439,230172440,230172441,
230172465,230172466,230172467,230172468,
230172489,230172490,230172491,230172492,
230172434,230172435,230172436,230172437,
230172293,230172294,230172295,230172296,
230172335,230172336,230172337,230172338,
230172311,230172312,230172313,230172314,
230172319,230172320,230172321,230172322,
230172323,230172324,230172325,230172326,
230172327,230172328,230172329,230172330,
230172303,230172304,230172305,230172306,
230172285,230172286,230172287,230172288,
230172281,230172282,230172283,230172284,
230172331,230172332,230172333,230172334,
230172289,230172290,230172291,230172292,
230172339,230172340,230172341,230172342,
230172299,230172300,230172301,230172302,
230172307,230172308,230172309,230172310,
230172315,230172316,230172317,230172318,
230172692,230172693,230172694,230172695,
230172684,230172685,230172686,230172687,
230172705,230172706,230172707,230172708,
230172654,230172655,230172656,230172657,
230172650,230172651,230172652,230172653,
230172662,230172663,230172664,230172665,
230172676,230172677,230172678,230172679,
230172696,230172697,230172698,230172699,
230172658,230172659,230172660,230172661,
230172688,230172689,230172690,230172691,
230172646,230172647,230172648,230172649,
230172701,230172702,230172703,230172704,
230172709,230172710,230172711,230172712,
230172680,230172681,230172682,230172683,
230172672,230172673,230172674,230172675,
230172507,230172508,230172509,230172510,
230172524,230172525,230172526,230172527,
230172537,230172538,230172539,230172540,
230172528,230172529,230172530,230172531,
230172533,230172534,230172535,230172536,
230172541,230172542,230172543,230172544,
230172546,230172547,230172548,230172549,
230172554,230172555,230172556,230172557,
230172550,230172551,230172552,230172553,
230172503,230172504,230172505,230172506,
230172562,230172563,230172564,230172565,
230172516,230172517,230172518,230172519,
230172512,230172513,230172514,230172515,
230172558,230172559,230172560,230172561,
230172740,230172741,230172742,230172743,
230172768,230172769,230172770,230172771,
175-24223721/86082224735/4/230172520/1/0.14/230172521/1/0.00/230172522/1/0.14/230172523/1/0.14
175-24223710/88051630731/4/230172764/1/0.14/230172765/1/0.14/230172766/1/0.14/230172767/1/0.14
175-24223710/61071610037/4/230172728/1/0.14/230172729/1/0.14/230172730/1/0.14/230172731/1/0.14
175-24223710/70051808685/4/230172772/1/0.14/230172773/1/0.14/230172774/1/0.14/230172775/1/0.14
175-24223710/76090710459/4/230172744/1/0.14/230172745/1/0.14/230172746/1/0.14/230172747/1/0.14
175-24223721/55062508899/4/230172566/1/0.14/230172567/1/0.14/230172568/1/0.14/230172569/1/0.14
175-24223710/62032824020/4/230172724/1/0.14/230172725/1/0.14/230172726/1/0.14/230172727/1/0.14
175-24223721/63082308667/4/230172571/1/0.14/230172572/1/0.14/230172573/1/0.14/230172574/1/0.14
175-24223710/47073023276/4/230172719/1/0.14/230172716/1/0.14/230172717/1/0.14/230172718/1/0.14
175-24223710/47073023276/4/230172719/1/0.14/230172716/1/0.14/230172717/1/0.14/230172718/1/0.14
175-24223710/68031928435/4/230172748/1/0.14/230172749/1/0.14/230172750/1/0.14/230172751/1/0.14
175-24223710/98011100118/4/230172736/1/0.14/230172737/1/0.14/230172738/1/0.14/230172739/1/0.14
175-24223710/52100603378/4/230172732/1/0.14/230172733/1/0.14/230172734/1/0.14/230172735/1/0.14
175-24223710/48112810644/4/230172720/1/0.14/230172721/1/0.14/230172722/1/0.14/230172723/1/0.14










230168380
230168381
230168383
230168384
230168385
230168386
230168387
230168388
230168390
230168391
230168392
230168393
230168394
230168395
230168396
230168398
230168399
230168400
230168401
230168402
230168403
230169213
230169214
230169215
230169216
230169217
230169218
230169219
230169221
230169222
230169223
230169224
230169225
230169226
230169227
230169228
230169229
230169232
230169233
230169234
230169235
230169236
230169237
230169238
230169239
230169240
230169241
230169242
230169243
230169244
230169245
230169246
230169247
230169248
230169249
230169250
230169251
230169252
230169253
230169254
230169255
230169256
230169257
230169258
230169259
230169260
230169261
230169262
230169263
230169264
230169265
230169266
230169267
230169268
230169269
230169270
230169273
230169275
230169276
230169277
230169279
230169280
230169281
230169282
230169283
230169284
230169285
230169286
230169287
230169288
230169289
230169290
230169291
230169292
230169293
230169294
230169295
230169296
230169299
230169300
230169301
230169302
230169303
230169304
230169305
230169306
230169307
230169309
230169310
230169311
230169312
230169313
230169314
230169315
230169316
230169317
230169318
230169319
230169320
230169321
230169322
230169323
230169324
230169325
230169326
230169327
230169328
230169329
230169330
230169331
230169333
230169334
230169335
230169358
230169388
230169390
230169417
230169418
230169419
230169420
230169421
230169422
230169423
230169424
230169425
230169426
230169427
230169428
230169429
230169430
230169431
230169432
230169433
230169434
230169435
230169436
230169437
230169438
230169439
230169440
230169441
230169442
230169493
230169494
230169495
230169496
230169497
230169498
230169499
230169500
230169501
230169502
230169503
230169505
230169506
230169507
230169508
230169509
230169510
230169511
230169512
230169513
230169514
230169515
230169516
230169517
230169518
230169519
230169520
230169521
230169554
230169577
230169578
230169579
230169581
230169582
230169583
230169584
230169585
230169586
230169587
230169588
230169589
230169590
230169591
230169592
230169593
230169594
230169595
230169597
230169598
230169599
230169600
230169601
230169627
230169628
230169629
230169630
230169631
230169632
230169633
230169634
230169635
230169636
230169637
230169638
230169639
230169640
230169641
230169642
230169643
230169644
230169645
230169646
230169647
230169648
230169649
230169650
230169651
230169652
230169653
230169654
230169656
230169664
230169695
230169704
230169705
230169706
230169707
230169708
230169709
230169710
230169718
230169719
230169720
230169721
230169722
230169723
230169724
230169725
230169726
230169727
230169728
230169729
230169730
230169731
230169732
230169733
230169734
230169735
230169736
230169737
230169738
230169739
230169740
230169741
230169742
230169771
230169772
230169773
230169774
230169775
230169776
230169799
230169800
230169801
230169802
230169803
230169804
230169805
230169806
230169807
230169808
230169809
230169810
230169811
230169812
230169813
230169814
230169815
230169816
230169817
230169818
230169819
230169820
230169821
230169822
230169823
230169824
230169825
230169826
230169827
230169828
230169829
230169830
230169831
230169832
230169833
230169834
230169835
230169836
230169837
230169838
230169839
230169840
230169841
230169842
230169843
230169844
230169845
230169846
230169847
230169849
230169850
230169851
230169852
230169853
230169854
230169856
230169857
230169858
230169859
230169860
230169861
230169862
230169863
230169864
230169865
230169866
230169867
230169868
230169869
230169871
230169872
230169873
230169874
230169877
230169878
230169880
230169881
230169882
230169883
230169885
230169886
230169887
230169888
230169889
230169890
230169891
230169893
230169894
230169895
230169896
230169897
230169898
230169899
230169903
230169905
230169906
230169953
230169981
230169982
230169983
230169984
230169985
230169986
230169987
230169988
230169989
230169990
230169991
230169992
230169993
230169994
230169995
230169996
230169997
230169998
230169999
230170000
230170001
230170002
230170003
230170004
230170005
230170006
230170007
230170008
230170009
230170010
230170011
230170012
230170013
230170014
230170015
230170016
230170017
230170018
230170019
230170020
230170021
230170022
230170023
230170024
230170025
230170026
230170027
230170028
230170029
230170031
230170032
230170033
230170034
230170035
230170036
230170037
230170038
230170039
230170040
230170041
230170042
230170043
230170044
230170045
230170046
230170047
230170049
230170050
230170051
230170052
230170053
230170054
230170057
230170058
230170059
230170060
230170061
230170062
230170063
230170064
230170065
230170066
230170067
230170068
230170069
230170070
230170071
230170072
230170073
230170074
230170076
230170077
230170078
230170079
230170080
230170081
230170082
230170083
230170084
230170085
230170086
230170087
230170088
230170089
230170090
230170091
230170092
230170093
230170094
230170095
230170096
230170097
230170098
230170099
230170100
230170101
230170102
230170103
230170104
230170105
230170106
230170107
230170108
230170109
230170110
230170111
230170112
230170114
230170115
230170117
230170118
230170119
230170120
230170121
230170122
230170123
230170124
230170125
230170126
230170127
230170128
230170129
230170130
230170131
230170132
230170133
230170134
230170135
230170136
230170137
230170138
230170139
230170140
230170141
230170142
230170143
230170144
230170145
230170146
230170147
230170148
230170149
230170150
230170152
230170153
230170154
230170155
230170156
230170157
230170162
230170163
230170165
230170166
230170167
230170170
230170171
230170172
230170173
230170174
230170175
230170176
230170177
230170178
230170179
230170181
230170182
230170183
230170184
230170185
230170186
230170187
230170188
230170189
230170190
230170191
230170192
230170193
230170194
230170195
230170196
230170197
230170198
230170199
230170200
230170201
230170202
230170203
230170204
230170205
230170206
230170207
230170208
230170209
230170210
230170211
230170212
230170213
230170214
230170215
230170216
230170217
230170218
230170219
230170220
230170221
230170222
230170223
230170224
230170225
230170226
230170227
230170228
230170229
230170230
230170231
230170232
230170233
230170234
230170235
230170236
230170237
230170238
230170239
230170240
230170241
230170242
230170243
230170244
230170245
230170246
230170247
230170248
230170249
230170250
230170251
230170252
230170253
230170254
230170255
230170256
230170257
230170258
230170259
230170260
230170261
230170262
230170263
230170264
230170265
230170266
230170267
230170268
230170269
230170270
230170271
230170277
230170278
230170279
230170281
230170282
230170283
230170284
230170285
230170286
230170287
230170288
230170289
230170290
230170294
230170297
230170298
230170299
230170300
230170301
230170302
230170303
230170304
230170305
230170306
230170307
230170309
230170310
230170311
230170312
230170313
230170314
230170316
230170321
230170324
230170325
230170326
230170327
230170328
230170329
230170330
230170331
230170333
230170334
230170335
230170336
230170338
230170339
230170340
230170341
230170342
230170343
230170344
230170345
230170346
230170347
230170348
230170349
230170351
230170352
230170353
230170354
230170355
230170356
230170357
230170358
230170359
230170360
230170361
230170362
230170363
230170364
230170365
230170366
230170367
230170368
230170369
230170372
230170373
230170374
230170375
230170376
230170377
230170378
230170379
230170380
230170382
230170383
230170384
230170385
230170386
230170387
230170388
230170389
230170390
230170391
230170392
230170394
230170395
230170397
230170398
230170400
230170401
230170402
230170405
230170406
230170407
230170408
230170409
230170410
230170411
230170412
230170413
230170414
230170415
230170416
230170417
230170418
230170422
230170423
230170424
230170425
230170426
230170427
230170428
230170429
230170430
230170431
230170432
230170433
230170434
230170435
230170436
230170437
230170438
230170439
230170441
230170442
230170443
230170444
230170445
230170446
230170447
230170448
230170449
230170450
230170451
230170452
230170453
230170454
230170455
230170456
230170457
230170458
230170459
230170462
230170463
230170464
230170468
230170474
230170476
230170477
230170478
230170479
230170480
230170481
230170482
230170483
230170484
230170485
230170486
230170487
230170488
230170493
230170496
230170497
230170498
230170499
230170500
230170501
230170502
230170503
230170504
230170505
230170506
230170507
230170508
230170510
230170511
230170512
230170514
230170515
230170516
230170517
230170518
230170519
230170521
230170522
230170526
230170527
230170528
230170529
230170530
230170531
230170532
230170534
230170535
230170536
230170537
230170538
230170539
230170540
230170541
230170542
230170543
230170544
230170545
230170546
230170547
230170548
230170549
230170550
230170551
230170552
230170554
230170555
230170556
230170557
230170558
230170559
230170560
230170563
230170564
230170565
230170566
230170567
230170573
230170574
230170577
230170581
230170582
230170583
230170584
230170585
230170586
230170587
230170588
230170589
230170590
230170591
230170654
230170655
230170656
230170693
230170694
230170703
230170704
230170718
230170719
230170742
230170780
230170789
230170790
230170791
230170792
230170793
230170794
230170795
230170796
230170798
230170799
230170800
230170801
230170802
230170803
230170804
230170805
230170806
230170807
230170808
230170809
230170810
230170811
230170812
230170813
230170814
230170815
230170816
230170817
230170818
230170819
230170820
230170821
230170822
230170823
230170824
230170825
230170826
230170827
230170828
230170829
230170830
230170831
230170832
230170833
230170834
230170835
230170836
230170837
230170838
230170839
230170840
230170841
230170842
230170843
230170844
230170845
230170846
230170847
230170848
230170849
230170850
230170851
230170852
230170853
230170854
230170855
230170856
230170857
230170858
230170859
230170860
230170861
230170862
230170863
230170985
230171047
230171048
230171049
230171050
230171051
230171052
230171053
230171056
230171145
230171181
230171242
230171243
230171245
230171246
230171247
230171248
230171249
230171250
230171253
230171262
230171427
230171431
230171432
230171434
230171435
230171436
230171437
230171438
230171463
230171464
230171465
230171466
230171523
230171524
230171585
230171586
230171636
230171638
230171639
230171640
230171641
230171642
230171643
230171644
230171645
230171647
230171652
230171727
230171728
230171729
230171756
230171757
230171760
230171770
230171771
230171832
230171833
230171834
230171835
230171836
230171837
230171838
230171844
230171845
230171846
230171847
230171848
230171849
230171850
230171851
230171852
230171853
230171854
230171856
230171857
230171858
230171859
230171860
230171862
230171865
230171866
230171867
230171868
230171874
230171875
230171876
230171877
230171878
230171881
230171882
230171883
230171884
230171885
230171887
230171891
230171892
230171894
230171895
230171896
230171901
230171902
230171903
230171904
230171905
230171906
230171907
230171908
230171909
230171910
230171911
230171912
230171913
230171914
230171916
230171919
230171920
230171921
230171922
230171923
230171925
230171926
230171927
230171930
230171932
230171933
230171934
230171936
230171937
230171938
230171941
230171942
230171943
230171944
230171945
230171946
230171950
230171955
230171956
230171957
230171958
230171959
230171960
230171961
230171962
230171963
230171964
230171965
230171966
230171971
230171972
230171973
230171974
230171976
230171977
230171978
230171979
230171980
230171981
230171982
230171986
230171987
230171988
230171989
230171990
230171993
230171994
230171995
230171996
230171997
230171998
230171999
230172003
230172004
230172005
230172007
230172008
230172009
230172010
230172011
230172013
230172014
230172015
230172016
230172017
230172018
230172019
230172020
230172021
230172022
230172023
230172024
230172025
230172026
230172027
230172028
230172029
230172030
230172031
230172032
230172033
230172034
230172036
230172039
230172040
230172041
230172042
230172043
230172044
230172046
230172047
230172048
230172049
230172051
230172058
230172060
230172061
230172065
230172066
230172067
230172068
230172069
230172070
230172073
230172074
230172075
230172076
230172077
230172078
230172079
230172080
230172081
230172086
230172088
230172089
230172090
230172091
230172094
230172095
230172096
230172097
230172100
230172103
230172104
230172105

230170404
230171871
230172193
175'24223651-52052906331-1-230169504-1-15.33
175'24223651-68082124652-2-230169684-1-11.14-230169685-1-7.73
175'24223651-70040829513-1-230170370-1-17.98
175'24223651-71022513391-1-230170296-1-9.07
175'24223651-76020703911-1-230170578-1-23.25
175'24223651-76020703911-1-230170579-1-16.44
175'24223651-80120905217-1-230170291-1-18.14
175'24223651-82112035420-1-230169904-1-28.69
175'24223673-62062402010-1-230170158-1-23.09
175'24223673-68033019973-1-230169278-1-57.56
175'24223673-80101718693-1-230169884-1-14.96
175'24223684-03093078057-10-230171759-10-13.61
175'24223684-04052176170-1-230171970-1-13.95
175'24223684-41050204956-1-230171426-1-14.51
175'24223684-50031407332-1-230170771-1-6.19
175'24223684-52071904021-1-230171637-1-13.45
175'24223684-52080606224-1-230170292-1-18.03
175'24223684-52110406299-1-230170469-1-13.88
175'24223684-56090107472-1-230172092-1-4.63
175'24223684-59052108774-1-230170180-1-19.05
175'24223684-63090217888-1-230170323-1-18.96
175'24223684-64052410566-1-230170075-1-13.79
175'24223684-64112408780-1-230171635-1-17.98
175'24223684-65042910634-1-230169902-1-4.63
175'24223684-65062620479-1-230169901-1-14.56
175'24223684-66030500317-1-230170280-1-13.95
175'24223684-69042827439-1-230171651-1-13.59
175'24223684-69052401811-1-230171252-1-13.79
175'24223684-69121208875-1-230170317-1-33.66
175'24223684-69121208875-1-230170317-1-33.66
175'24223684-71062005833-1-230169655-1-14.88
175'24223684-76013029097-1-230169298-1-4.63
175'24223684-76081531034-1-230169879-1-14.33
175'24223684-76081609942-1-230169297-1-4.63
175'24223684-76102107011-1-230170350-1-18.28
175'24223684-77101616325-1-230171984-1-48.31
175'24223684-78060821854-1-230171975-1-13.99
175'24223684-80012416350-1-230172050-1-2.13
175'24223684-81032621932-1-230171931-1-13.97
175'24223684-81081618986-1-230170470-1-11.79
175'24223684-81081618986-1-230170471-1-11.79
175'24223684-81090715274-1-230172062-1-7.89
175'24223684-81101525497-1-230170576-1-15.20
175'24223684-82110721033-1-230170461-1-13.95
175'24223684-83102229393-1-230169574-1-14.63
175'24223684-84082116332-1-230171654-1-13.54
175'24223684-84092818229-1-230170308-1-18.96
175'24223684-85062521736-1-230171758-1-13.61
175'24223684-86092716344-1-230171653-1-13.63
175'24223684-87082320899-1-230171251-1-13.88
175'24223684-87102228694-1-230171430-1-29.94
175'24223684-88111631950-1-230171939-1-13.79
175'24223684-91081741216-1-230170315-1-14.63
175'24223684-94021617399-1-230170332-1-13.97
175'24223684-96072421375-1-230171755-1-13.99
175'24223684-98092915554-1-230171985-1-48.76
175'24223706-00092676677-1-230171929-1-1.79
175'24223706-04052176170-1-230171967-1-14.95
175'24223706-06072481933-1-230170520-1-5.40
175'24223706-49031227060-1-230171861-1-8.07
175'24223706-56040621434-1-230172045-1-31.75
175'24223706-60042102919-1-230171879-1-15.88
175'24223706-60042102919-1-230171880-1-10.09
175'24223706-70061222970-1-230170580-1-7.78
175'24223706-71010819058-2-230172037-1-9.07-230172038-1-4.42
175'24223706-72101527416-1-230171646-1-25.11
175'24223706-78101224614-1-230171947-1-9.07
175'24223706-87041025066-1-230171918-1-4.54
175'24223706-90112442253-1-230171869-1-4.79
175'24223710-60052413948-1-230172886-1-27.49
175'24223710-65010301875-1-230172713-1-13.61
175'24223710-83050611292-2-230172153-1-1.62-230172154-1-1.62
175'24223710-89092103530-1-230172917-1-7.21
175'24223710-94080728577-1-230173005-1-17.49
175'24223721-56080103921-1-230172176-1-26.63
175'24223721-73052704077-1-230173002-1-26.99
175'24223721-84110815937-1-230172570-1-24.54
175'24223721-89031524294-1-230172669-1-10.89
175'24223732-00101676423-4-230172157-1-21.36-230172158-1-0.32-230172159-1-1.41-230172160-1-1.41
175'24223732-03011380842-1-230172234-1-6.94
175'24223732-51010505996-1-230172495-1-15.20
175'24223732-60071608455-1-230172967-1-8.30
175'24223732-67082028297-3-230172628-1-15.65-230172629-1-0.25-230172630-1-0.25
175'24223732-78081632032-1-230172108-1-27.74
175'24223732-86040321711-1-230172388-1-22.82
175'24223732-93071020739-1-230172802-1-14.54
175'24223732-96081623162-1-230172235-1-6.94
175'24223743-00060478899-1-230172910-1-13.83
175'24223743-00120683196-1-230172792-1-14.24
175'24223743-05111874573-1-230172996-1-14.61
175'24223743-53082711692-1-230172791-1-13.99
175'24223743-61071516615-1-230173001-1-9.34
175'24223743-61101500310-1-230172136-1-14.45
175'24223743-64040916148-1-230172962-1-14.42
175'24223743-66112111632-1-230172911-1-11.14
175'24223743-67070401845-1-230172828-1-13.70
175'24223743-67072031298-1-230172124-1-14.45
175'24223743-69091821197-1-230172995-1-13.88
175'24223743-73022602740-1-230172958-1-14.51
175'24223743-73040117256-1-230172259-1-14.70
175'24223743-75011207399-1-230172193-1-3.88
175'24223743-82012631615-1-230172225-1-1.34
175'24223743-88031919775-1-230172811-1-18.19
175'24223743-91052729457-1-230172957-1-51.26
175'24223743-94062245305-1-230172497-1-18.14
175'24223743-95071749551-1-230172778-1-15.13
175'24223743-96081623162-1-230172236-1-2.83
175'24223743-97062922491-1-230172545-1-13.61
175'24223813-99060518765-1-230173405-1-18.14
175'24228223-00102072818-1-25003775-1-13.52
175'24228223-65011310592-1-25003962-1-13.52
175'24228223-78022425478-1-25003957-1-13.52
230172129 AL 34
230172636 AL 38
175'24223813-97122218112-1-230173404-1-9.07
175'24223813-99060518765-1-230173406-1-9.07
175'24223732-61071516615-1-230173000-1-8.07
175'24223706-71010819058-1-230172035-1-16.49
175'24223732-62012013811-1-230172780-1-10.55
175'24223732-49092806819-1-230172976-1-8.31
175'24223710-53012501679-3-230172872-1-2.27-230172873-1-3.18-230172874-1-0.64
175'24223710-69070310335-2-230172826-1-24.58-230172827-1-1.59
175'24223710-90121227571-1-230172117-1-18.46
175'24223732-67012609706-1-230172978-1-8.31
175'24223706-03030876640-1-230170720-1-3.36
175'24223710-02061666891-1-230172190-1-5.78
175'24223651-58102505091-3-230170568-1-5.58-230170569-1-0.50-230170570-1-1.84
175'24223706-02072781337-1-230170509-1-3.24
175'24223710-67030422128-2-230172814-1-1.34-230172815-1-1.34
175'24223732-68051105756-1-230172280-1-20.43
175'24223706-08042061515-1-230170717-1-8.75
175'24223732-76010918823-3-230172201-1-5.53-230172202-1-6.99-230172203-1-2.81
175'24223651-68082124652-2-230169684-1-11.23-230169685-1-7.73
175'24223706-72092613330-1-230172053-1-25.24
175'24223673-02032178594-1-230169392-1-13.93
175'24223732-02032178594-1-230172974-1-8.34
175'24223721-79100310958-1-230172167-1-9.05
175'24223721-54082704979-1-230172258-1-11.79
175'24223721-91022035373-1-230172380-1-4.40
175'24223706-90112442253-1-230171870-1-14.29
175'24223706-58020418974-1-230170322-1-17.60
175'24223732-72021413254-2-230172222-1-4.65-230172223-1-1.63
175'24223651-45082214763-1-230170393-1-3.33
175'24223651-81101525497-3-230170571-1-25.08-230170572-1-0.18-230170575-1-0.39
175'24223732-92082850041-2-230172983-1-5.26-230172984-1-0.27
175'24223706-71092708958-1-230170553-1-5.90
175'24223732-65050423235-1-230172969-1-8.35
175'24223732-51010505996-1-230172494-1-20.59
175'24223706-96022519136-1-230171924-1-25.33
175'24223732-64101905135-1-230172793-1-20.59
175'24223721-82042528614-1-230172942-1-18.91
175'24223673-49112407589-1-230169369-1-17.33
175'24223732-71060110072-1-230172455-1-25.49
175'24223710-64031100031-1-230172865-1-37.19
175'24223721-62061206398-1-230172379-1-18.85
175'24223732-86011727859-1-230172209-1-21.18
175'24223710-74091919016-1-230172848-1-27.33
175'24223721-83071109975-1-230172113-1-22.63
175'24223732-49032603502-1-230172819-1-32.84
175'24223732-67100411643-1-230172981-1-26.40
175'24223710-93122200919-2-230172204-1-16.78-230172205-1-17.24
175'24223732-04020861406-2-230172119-1-26.44-230172120-1-0.59
175'24223732-64121908315-1-230173004-1-15.65
175'24223732-67101121843-1-230172251-1-16.99
175'24223710-74091919016-1-230172857-1-34.63
175'24223732-79062019070-1-230172979-1-32.66
175'24223732-68042504189-2-230172988-1-3.11-230172989-1-0.84
175'24223710-89071036574-1-230172812-1-6.35
175'24223710-89092103530-3-230172914-1-14.20-230172915-1-2.04-230172916-1-4.49
175'24223721-63031927913-1-230172255-1-26.94
175'24223710-90052821551-1-230172217-1-15.42
230172175
175'24223732-67101121843-1-230172250-1-24.74
175'24223710-98083107699-3-230172880-1-30.35-230172881-1-0.54-230172882-1-0.45
175'24223721-75011207399-3-230172195-3-11.75
175'24223710-63011426955-1-230172231-1-23.45
175'24223706-72092613330-1-230172052-1-20.84
175'24223732-91022445772-1-230172889-1-31.86
175'24223706-02100780510-1-230171948-1-31.75
175'24223732-91022445772-1-230172890-1-31.75
175'24223732-52061403772-1-230172862-1-36.29
230172116
175'24223710-53082308114-1-230172635-1-23.29
175'24223721-83071109975-1-230172112-1-23.00
175'24223732-64101905135-1-230172794-1-25.08
175'24223732-72021413254-1-230172220-1-26.40
175'24223732-00122775876-1-230172188-1-21.14
230171951
175'24223721-69091821197-1-230172991-1-32.93
230172639 AL 42
175'24223710-74091919016-1-230172844-1-20.30
175'24223721-83071109975-1-230172112-1-23.00
175'24223710-53082308114-1-230172634-1-14.51
175'24223710-65010301875-1-230172714-1-7.71
175'24223732-77072219577-2-230172277-1-7.53-230172278-1-1.13
175'24223732-99020618517-1-230172218-1-4.69
175'24223732-48022807781-1-230172977-1-8.31
175'24223732-90083041176-2-230172184-1-30.10-230172185-1-0.84
175'24223732-85092024340-1-230172145-1-14.20
175'24223673-94062040072-1-230170272-1-27.99
175'24223710-67020702356-2-230172244-1-5.81-230172245-1-3.24
175'24223710-93042601930-2-230172148-1-1.56-230172149-1-8.01
175'24223721-84010915778-5-230172931-1-10.66-230172932-1-0.88-230172933-1-0.88-230172934-1-0.41-230172935-1-1.13
175'24223721-04051974402-3-230172938-1-13.88-230172939-1-0.32-230172940-1-0.32
175'24223732-68020710316-1-230172809-1-26.24
175'24223732-53082711692-1-230172790-1-22.68
175'24223721-64050724234-1-230172381-1-25.54
175'24223710-05102182993-1-230172806-1-4.08
175'24223732-82012631615-1-230172226-1-14.20
175'24223732-92111848111-1-230172263-1-10.07
175'24223732-69032908330-4-230172373-1-10.80-230172374-1-1.77-230172375-1-1.77-230172376-1-1.00
175'24223732-63050410103-3-230172783-1-14.70-230172784-1-2.90-230172785-1-1.27
175'24223721-64061505855-1-230172879-1-36.47
175'24223721-76101109604-1-230172897-1-25.22
175'24223710-05102182993-1-230172806-1-4.08
175'24223673-05071376097-2-230169230-1-11.14-230169231-1-2.59
175'24223732-52061403772-1-230172861-1-21.48
175'24223721-60102020128-1-230172212-1-11.34
175'24223721-82042528614-1-230172941-1-18.10
175'24223732-92092142181-6-230172139-1-14.65-230172140-1-1.63-230172141-1-1.56-230172142-1-1.56-230172143-1-1.54-230172144-1-3.67
175'24223732-67100411643-1-230172982-1-9.89
175'24223710-74091919016-1-230172856-1-9.19
175'24223732-68080110835-2-230172273-1-2.72-230172274-1-5.62
175'24223721-89031524294-2-230172667-1-3.49-230172668-1-1.29
175'24223710-68012212095-2-230172297-1-5.26-230172298-1-2.00
175'24223721-73052704077-1-230173003-1-18.39
175'24223710-66090201258-1-230172789-1-10.61
175'24223732-61071013683-2-230172944-1-29.03-230172945-1-0.27
175'24223710-66081610165-3-230172265-1-7.76-230172266-1-6.44-230172267-1-3.63
175'24223732-53070500205-1-230172884-1-14.08
175'24223721-79100310958-2-230172164-1-7.19-230172165-1-3.63
175'24223732-59091223113-1-230172261-1-21.80
175'24223721-07050269615-1-230172950-1-19.64
175'24223732-71032618795-1-230172511-1-3.04
175'24223732-71082208671-1-230172878-1-6.08
175'24223732-66103127692-1-230172532-1-8.28
175'24223710-90112737797-1-230172885-1-10.39
175'24223732-58121907537-1-230172135-1-5.49
175'24223710-63020307207-1-230172249-1-15.15
175'24223721-79100310958-1-230172166-1-3.24
175'24223710-63011426955-1-230172232-1-17.28
175'24223732-72092209296-5-230172343-1-20.23-230172344-1-1.59-230172345-1-1.43-230172346-1-1.43-230172347-1-0.82
175'24223732-89040244110-2-230172875-1-15.97-230172876-1-0.36
175'24223721-06092874504-1-230172951-1-19.32
175'24223721-63031927913-1-230172256-1-13.43
175'24223706-70061523512-1-230171949-1-14.74
175'24223732-71030120013-1-230172275-1-15.79
175'24223732-71030120013-1-230172275-1-15.79
175'24223710-53012501679-1-230172871-1-19.28
175'24223721-73022602740-1-230172960-1-6.53
175'24223710-65032602221-1-230172169-1-4.54
175'24223732-62012013811-1-230172779-1-15.20
175'24223721-63012805194-4-230172946-1-18.10-230172947-1-0.32-230172948-1-0.32-230172949-1-0.32
175'24223710-89092103530-1-230172913-1-28.17
175'24223732-94020543610-1-230172386-1-8.39
175'24223721-62060304842-1-230172883-1-18.42
175'24223732-04020861406-3-230172121-1-15.47-230172122-1-1.50-230172123-1-1.68
175'24223732-67082028297-1-230172627-1-27.12
175'24223721-64050724234-1-230172382-1-15.88
230172170,230172171,
175'24223721-87011618847-2-230172776-1-6.89-230172777-1-2.31
175'24223732-69011337752-3-230172922-1-18.69-230172923-1-1.36-230172924-1-1.59
175'24223732-68042504189-1-230172987-1-28.69
175'24223732-79013122517-2-230172953-1-19.96-230172954-1-4.72
175'24223732-59091223113-1-230172262-1-17.15
230172858,230172859,
175'24223721-04080972144-3-230172216-3-9.53
230171917
175'24223732-94021842740-1-230172247-1-5.74
175'24223721-75102807418-6-230172215-6-22.23
230172952
175'24223813-97122218112-1-230173403-1-18.14
175'24223673-62062402010-3-230170161-3-5.28
230170159 AL 61
175'24223721-64061505855-1-230172879-1-36.47
175'24223651-96100503699-1-230171263-1-7.14
175'24223662-67091610637-1-230170649-1-19.10
175'24223721-76101109604-4-230172898-1-12.79-230172899-1-3.67-230172900-1-1.00-230172901-1-0.68
175'24223651-74030712134-1-230171915-1-11.79
175'24223673-70111803777-1-230170164-1-9.80
175'24223684-66012608654-1-230171648-1-48.53
175'24223662-67091610637-1-230170640-1-11.66



175'24223651-01101682897-4-230170695-1-0.14-230170696-1-0.14-230170697-1-0.14-230170698-1-0.14
175'24223651-02011280085-4-230171097-1-0.14-230171098-1-0.14-230171099-1-0.14-230171100-1-0.14
175'24223651-02040478631-4-230171034-1-0.14-230171035-1-0.14-230171036-1-0.14-230171037-1-0.14
175'24223651-06112661930-4-230170661-1-0.14-230170662-1-0.14-230170663-1-0.14-230170664-1-0.14
175'24223651-07043062311-4-230171057-1-0.14-230171058-1-0.14-230171059-1-0.14-230171060-1-0.14
175'24223651-45102506555-4-230171030-1-0.14-230171031-1-0.14-230171032-1-0.14-230171033-1-0.14
175'24223651-46070505806-4-230171026-1-0.14-230171027-1-0.14-230171028-1-0.14-230171029-1-0.14
175'24223651-48112810644-4-230171073-1-0.14-230171074-1-0.14-230171075-1-0.14-230171076-1-0.14
175'24223651-50010709591-4-230170904-1-0.14-230170905-1-0.14-230170906-1-0.14-230170907-1-0.14
175'24223651-51110114055-4-230171010-1-0.14-230171011-1-0.14-230171012-1-0.14-230171013-1-0.14
175'24223651-51122208496-4-230170673-1-0.14-230170674-1-0.14-230170675-1-0.14-230170676-1-0.14
175'24223651-57110416817-4-230171002-1-0.14-230171003-1-0.14-230171004-1-0.14-230171005-1-0.14
175'24223651-58072301555-4-230170681-1-0.03-230170682-1-0.03-230170683-1-0.03-230170684-1-0.03
175'24223651-59032607449-4-230170876-1-0.14-230170877-1-0.14-230170878-1-0.14-230170879-1-0.14
175'24223651-60050404553-4-230171042-1-0.14-230171043-1-0.14-230171044-1-0.14-230171045-1-0.14
175'24223651-62020217445-4-230170872-1-0.14-230170873-1-0.14-230170874-1-0.14-230170875-1-0.14
175'24223651-62020806951-4-230170657-1-0.14-230170658-1-0.14-230170659-1-0.14-230170660-1-0.14
175'24223651-62060813875-4-230171018-1-0.14-230171019-1-0.14-230171020-1-0.14-230171021-1-0.14
175'24223651-62071406013-4-230170699-1-0.14-230170700-1-0.14-230170701-1-0.14-230170702-1-0.14
175'24223651-62111824058-4-230171101-1-0.14-230171102-1-0.14-230171103-1-0.14-230171104-1-0.14
175'24223651-63091914734-4-230171014-1-0.14-230171015-1-0.14-230171016-1-0.14-230171017-1-0.14
175'24223651-64021205790-4-230170920-1-0.14-230170921-1-0.14-230170922-1-0.14-230170923-1-0.14
175'24223651-64031507479-4-230170671-1-0.14-230170672-1-0.14-230170669-1-0.14-230170670-1-0.14
175'24223651-64042312722-4-230171081-1-0.14-230171082-1-0.14-230171083-1-0.14-230171084-1-0.14
175'24223651-64091200396-4-230170888-1-0.14-230170889-1-0.14-230170890-1-0.14-230170891-1-0.14
175'24223651-64101017039-4-230170908-1-0.14-230170909-1-0.14-230170910-1-0.14-230170911-1-0.14
175'24223651-65031629165-4-230170900-1-0.14-230170901-1-0.14-230170902-1-0.14-230170903-1-0.14
175'24223651-66081000857-4-230170705-1-0.14-230170706-1-0.14-230170707-1-0.14-230170708-1-0.14
175'24223651-66103007290-4-230171089-1-0.14-230171090-1-0.14-230171091-1-0.14-230171092-1-0.14
175'24223651-68041808637-4-230171069-1-0.14-230171070-1-0.14-230171071-1-0.14-230171072-1-0.14
175'24223651-68071809540-4-230171065-1-0.14-230171066-1-0.14-230171067-1-0.14-230171068-1-0.14
175'24223651-70040701113-4-230171109-1-0.14-230171110-1-0.14-230171111-1-0.14-230171112-1-0.14
175'24223651-71041500200-4-230170892-1-0.14-230170893-1-0.14-230170894-1-0.14-230170895-1-0.00
175'24223651-74061238799-4-230170880-1-0.14-230170881-1-0.14-230170882-1-0.14-230170883-1-0.14
175'24223651-76051035058-4-230170986-1-0.14-230170987-1-0.14-230170988-1-0.14-230170989-1-0.14
175'24223651-76083131042-4-230170884-1-0.14-230170885-1-0.14-230170886-1-0.14-230170887-1-0.14
175'24223651-76121630942-4-230171085-1-0.14-230171086-1-0.14-230171087-1-0.14-230171088-1-0.14
175'24223651-77082326237-4-230170868-1-0.14-230170869-1-0.14-230170870-1-0.14-230170871-1-0.14
175'24223651-77102418801-4-230171093-1-0.14-230171094-1-0.14-230171095-1-0.14-230171096-1-0.14
175'24223651-80093020653-4-230170998-1-0.14-230170999-1-0.14-230171000-1-0.14-230171001-1-0.14
175'24223651-80102715282-4-230171006-1-0.14-230171007-1-0.14-230171008-1-0.14-230171009-1-0.14
175'24223651-84122527697-4-230170990-1-0.14-230170991-1-0.14-230170992-1-0.14-230170993-1-0.14
175'24223651-85110421630-4-230171105-1-0.14-230171106-1-0.14-230171107-1-0.14-230171108-1-0.14
175'24223651-88082930499-4-230170713-1-0.14-230170714-1-0.14-230170715-1-0.14-230170716-1-0.14
175'24223651-88110426116-4-230171061-1-0.14-230171062-1-0.14-230171063-1-0.14-230171064-1-0.14
175'24223651-90013128576-4-230170677-1-0.06-230170678-1-0.06-230170679-1-0.06-230170680-1-0.06
175'24223651-90042341151-4-230171077-1-0.14-230171078-1-0.14-230171079-1-0.14-230171080-1-0.14
175'24223651-90080422894-4-230170665-1-0.14-230170666-1-0.14-230170667-1-0.14-230170668-1-0.14
175'24223651-91102035231-4-230170912-1-0.14-230170913-1-0.14-230170914-1-0.14-230170915-1-0.14
175'24223651-92091040734-4-230171113-1-0.14-230171114-1-0.14-230171115-1-0.14-230171116-1-0.14
175'24223651-92092940157-4-230170994-1-0.14-230170995-1-0.14-230170996-1-0.14-230170997-1-0.14
175'24223651-95102545151-4-230171038-1-0.14-230171039-1-0.14-230171040-1-0.14-230171041-1-0.14
175'24223651-95122245315-4-230170689-1-0.14-230170690-1-0.14-230170691-1-0.14-230170692-1-0.14
175'24223651-96081509960-4-230170685-1-0.14-230170686-1-0.14-230170687-1-0.14-230170688-1-0.14
175'24223651-97082220982-4-230171022-1-0.14-230171023-1-0.14-230171024-1-0.14-230171025-1-0.14
175'24223651-98112702435-4-230170709-1-0.14-230170710-1-0.14-230170711-1-0.14-230170712-1-0.14
175'24223651-99021100216-4-230170864-1-0.14-230170865-1-0.14-230170866-1-0.14-230170867-1-0.14
175'24223651-85070122669-4-230171603-1-0.14-230171604-1-0.14-230171605-1-0.14-230171606-1-0.14
175'24223651-89121134195-4-230171599-1-0.14-230171600-1-0.14-230171601-1-0.14-230171602-1-0.14
75'24223651-84112525465-4-230171611-1-0.14-230171612-1-0.14-230171613-1-0.14-230171614-1-0.14
175'24223651-94062040072-4-230171587-1-0.14-230171588-1-0.14-230171589-1-0.14-230171590-1-0.14
175'24223651-74030914558-4-230171659-1-0.14-230171660-1-0.14-230171661-1-0.14-230171662-1-0.14
175'24223651-59060308891-4-230171627-1-0.14-230171628-1-0.14-230171629-1-0.14-230171630-1-0.14
175'24223651-63052908924-4-230171591-1-0.14-230171592-1-0.14-230171593-1-0.14-230171594-1-0.14
75'24223651-64062208113-4-230171595-1-0.14-230171596-1-0.14-230171597-1-0.14-230171598-1-0.14
175'24223651-92092241838-4-230171631-1-0.14-230171632-1-0.14-230171633-1-0.14-230171634-1-0.14
175'24223651-74072214554-4-230171615-1-0.14-230171616-1-0.14-230171617-1-0.14-230171618-1-0.14
175'24223651-92101347391-4-230171623-1-0.14-230171624-1-0.14-230171625-1-0.14-230171626-1-0.14
175'24223651-74040710451-4-230171607-1-0.14-230171608-1-0.14-230171609-1-0.14-230171610-1-0.14
175'24223651-85111126518-4-230171655-1-0.14-230171656-1-0.14-230171657-1-0.14-230171658-1-0.14
175'24223651-78032826228-4-230171619-1-0.14-230171620-1-0.14-230171621-1-0.14-230171622-1-0.14
175'24223651-66100813820-4-230171663-1-0.14-230171664-1-0.14-230171665-1-0.14-230171666-1-0.14
175'24223651-85032124198-4-230171479-1-0.14-230171480-1-0.14-230171481-1-0.14-230171482-1-0.14
175'24223651-95071218039-4-230171495-1-0.14-230171496-1-0.14-230171497-1-0.14-230171498-1-0.14
175'24223651-95032843376-4-230171507-1-0.14-230171508-1-0.14-230171509-1-0.14-230171510-1-0.14
175'24223651-70031906798-4-230171483-1-0.14-230171484-1-0.14-230171485-1-0.14-230171486-1-0.14
175'24223651-70011903534-4-230171503-1-0.14-230171504-1-0.14-230171505-1-0.14-230171506-1-0.14
175'24223651-90020445256-4-230171487-1-0.14-230171488-1-0.14-230171489-1-0.14-230171490-1-0.14
175'24223651-66022323573-4-230171491-1-0.14-230171492-1-0.14-230171493-1-0.14-230171494-1-0.14
175'24223651-58020409242-4-230171459-1-0.14-230171460-1-0.14-230171461-1-0.14-230171462-1-0.14
175'24223651-91120216819-4-230171499-1-0.14-230171500-1-0.14-230171501-1-0.14-230171502-1-0.14
175'24223651-55050103803-4-230171515-1-0.14-230171516-1-0.14-230171517-1-0.14-230171518-1-0.14
175'24223651-96122925299-4-230171475-1-0.14-230171476-1-0.14-230171477-1-0.14-230171478-1-0.14
175'24223651-68102103847-4-230171511-1-0.14-230171512-1-0.14-230171513-1-0.14-230171514-1-0.14
175'24223651-55072600512-4-230171519-1-0.14-230171520-1-0.14-230171521-1-0.14-230171522-1-0.14
175'24223651-76041910565-4-230171471-1-0.14-230171472-1-0.14-230171473-1-0.14-230171474-1-0.14
230171467 al 70
175'24223651-90053146734-4-230171234-1-0.14-230171235-1-0.14-230171236-1-0.14-230171237-1-0.14
175'24223651-74102410513-4-230171202-1-0.14-230171203-1-0.14-230171204-1-0.14-230171205-1-0.14
175'24223651-54082507369-4-230171186-1-0.14-230171187-1-0.14-230171188-1-0.14-230171189-1-0.14
175'24223651-80060216657-4-230171238-1-0.14-230171239-1-0.14-230171240-1-0.14-230171241-1-0.14
175'24223651-67042627750-4-230171218-1-0.14-230171219-1-0.14-230171220-1-0.14-230171221-1-0.14
175'24223651-95100247074-4-230171210-1-0.14-230171211-1-0.14-230171212-1-0.14-230171213-1-0.14
175'24223651-64081821043-4-230171183-1-0.14-230171184-1-0.14-230171185-1-0.14-230171182-1-0.14
175'24223651-60042911790-4-230171198-1-0.14-230171199-1-0.14-230171200-1-0.14-230171201-1-0.14
175'24223651-67092510042-4-230171214-1-0.14-230171215-1-0.14-230171216-1-0.14-230171217-1-0.14
175'24223651-53042510137-4-230171222-1-0.14-230171223-1-0.14-230171224-1-0.14-230171225-1-0.14
175'24223651-47033106288-4-230171230-1-0.14-230171231-1-0.14-230171232-1-0.14-230171233-1-0.14
175'24223651-91031714104-4-230171226-1-0.14-230171227-1-0.14-230171228-1-0.14-230171229-1-0.14
175'24223651-44062106577-4-230171190-1-0.14-230171191-1-0.14-230171192-1-0.14-230171193-1-0.14
175'24223651-53111406534-4-230171206-1-0.14-230171207-1-0.14-230171208-1-0.14-230171209-1-0.14
175'24223651-67022523431-4-230171194-1-0.14-230171195-1-0.14-230171196-1-0.14-230171197-1-0.14
175'24223651-66090407993-4-230170981-1-0.14-230170982-1-0.14-230170983-1-0.14-230170984-1-0.14
175'24223651-70031103031-4-230170969-1-0.14-230170970-1-0.14-230170971-1-0.14-230170972-1-0.14
175'24223651-78042106036-4-230170927-1-0.14-230170928-1-0.14-230170925-1-0.14-230170926-1-0.14
175'24223651-85041227131-4-230170973-1-0.14-230170974-1-0.14-230170975-1-0.14-230170976-1-0.14
175'24223651-00102978080-4-230170977-1-0.14-230170978-1-0.14-230170979-1-0.14-230170980-1-0.14
175'24223651-79060524867-4-230170961-1-0.14-230170962-1-0.14-230170963-1-0.14-230170964-1-0.14
75'24223651-86111401218-4-230170945-1-0.14-230170946-1-0.14-230170947-1-0.14-230170948-1-0.14
175'24223651-65052824055-4-230170957-1-0.14-230170958-1-0.14-230170959-1-0.14-230170960-1-0.14
175'24223651-56031303859-4-230170937-1-0.14-230170938-1-0.14-230170939-1-0.14-230170940-1-0.14
175'24223651-65101615488-4-230170933-1-0.14-230170934-1-0.14-230170935-1-0.14-230170936-1-0.14
175'24223651-89020216650-4-230170941-1-0.14-230170942-1-0.14-230170943-1-0.14-230170944-1-0.14
175'24223651-51030514313-4-230170929-1-0.14-230170930-1-0.14-230170931-1-0.14-230170932-1-0.14
175'24223651-67121217177-4-230170965-1-0.14-230170966-1-0.14-230170967-1-0.14-230170968-1-0.14
175'24223651-95012041912-4-230170953-1-0.14-230170954-1-0.14-230170955-1-0.14-230170956-1-0.14
175'24223651-93082825697-4-230170949-1-0.14-230170950-1-0.14-230170951-1-0.14-230170952-1-0.14
175'24223651-85111526815-4-230171422-1-0.14-230171423-1-0.14-230171424-1-0.14-230171425-1-0.14
175'24223651-59102409155-4-230171418-1-0.14-230171419-1-0.14-230171420-1-0.14-230171421-1-0.14
175'24223651-82112224215-4-230171386-1-0.14-230171387-1-0.14-230171388-1-0.14-230171389-1-0.14
175'24223651-94081544564-4-230171390-1-0.14-230171391-1-0.14-230171392-1-0.14-230171393-1-0.14
175'24223651-50091806075-4-230171439-1-0.14-230171440-1-0.14-230171441-1-0.14-230171442-1-0.14
175'24223651-70030807739-4-230171447-1-0.14-230171448-1-0.14-230171449-1-0.14-230171450-1-0.14
175'24223651-51053003690-4-230171414-1-0.14-230171415-1-0.14-230171416-1-0.14-230171417-1-0.14
175'24223651-77120317710-4-230171451-1-0.14-230171452-1-0.14-230171453-1-0.14-230171454-1-0.14
175'24223651-80090323230-4-230171443-1-0.14-230171444-1-0.14-230171445-1-0.14-230171446-1-0.14
230171410,230171411,230171412,230171413,
175'24223651-73102306985-4-230171402-1-0.14-230171403-1-0.14-230171404-1-0.14-230171405-1-0.14
175'24223651-74051314690-4-230171406-1-0.14-230171407-1-0.14-230171408-1-0.14-230171409-1-0.14
175'24223651-97062723130-4-230171394-1-0.14-230171395-1-0.14-230171396-1-0.14-230171397-1-0.14
175'24223651-92041442897-4-230171455-1-0.14-230171456-1-0.14-230171457-1-0.14-230171458-1-0.00
175'24223651-64101924511-4-230171398-1-0.14-230171399-1-0.14-230171400-1-0.14-230171401-1-0.14
175'24223651-33111606099-4-230171784-1-0.14-230171785-1-0.14-230171786-1-0.14-230171787-1-0.14
175'24223651-63110114572-4-230171739-1-0.14-230171740-1-0.14-230171741-1-0.14-230171742-1-0.14
175'24223651-00022179697-4-230171751-1-0.14-230171752-1-0.14-230171753-1-0.14-230171754-1-0.14
175'24223651-95120200115-4-230171776-1-0.14-230171777-1-0.14-230171778-1-0.14-230171779-1-0.14
175'24223651-64101905135-4-230171747-1-0.14-230171748-1-0.14-230171749-1-0.14-230171750-1-0.14
175'24223651-87091626422-4-230171743-1-0.14-230171744-1-0.14-230171745-1-0.14-230171746-1-0.14
175'24223651-97021623216-4-230171796-1-0.14-230171797-1-0.14-230171798-1-0.14-230171799-1-0.14
175'24223651-64062212170-4-230171730-1-0.14-230171731-1-0.14-230171732-1-0.14-230171733-1-0.14
175'24223651-88122932288-4-230171804-1-0.14-230171805-1-0.14-230171806-1-0.14-230171807-1-0.14
175'24223651-69083010473-4-230171734-1-0.14-230171735-1-0.14-230171736-1-0.14-230171737-1-0.14
175'24223651-51082807819-4-230171780-1-0.14-230171781-1-0.14-230171782-1-0.14-230171783-1-0.14
175'24223651-67093010150-4-230171792-1-0.14-230171793-1-0.14-230171794-1-0.14-230171795-1-0.14
175'24223651-86110922017-4-230171800-1-0.14-230171801-1-0.14-230171802-1-0.14-230171803-1-0.14
175'24223651-94020648070-4-230171788-1-0.14-230171789-1-0.14-230171790-1-0.14-230171791-1-0.14
175'24223651-87060633470-4-230171772-1-0.14-230171773-1-0.14-230171774-1-0.14-230171775-1-0.14
175'24223651-68060407733-4-230171276-1-0.14-230171277-1-0.14-230171278-1-0.14-230171279-1-0.14
175'24223651-63110509743-4-230171268-1-0.14-230171269-1-0.14-230171270-1-0.14-230171271-1-0.14
175'24223651-87071932772-4-230171288-1-0.14-230171289-1-0.14-230171290-1-0.14-230171291-1-0.14
175'24223651-56092108482-4-230171300-1-0.14-230171301-1-0.14-230171302-1-0.14-230171303-1-0.14
175'24223651-95050641057-4-230171264-1-0.14-230171265-1-0.14-230171266-1-0.14-230171267-1-0.14
175'24223651-92112440178-4-230171272-1-0.14-230171273-1-0.14-230171274-1-0.14-230171275-1-0.14
175'24223651-74010739899-4-230171296-1-0.14-230171297-1-0.14-230171298-1-0.14-230171299-1-0.14
175'24223651-90111117326-4-230171292-1-0.14-230171293-1-0.14-230171294-1-0.14-230171295-1-0.14
175'24223651-68092228775-4-230171320-1-0.14-230171321-1-0.14-230171322-1-0.14-230171323-1-0.14
175'24223651-86030722266-4-230171284-1-0.14-230171285-1-0.14-230171286-1-0.14-230171287-1-0.14
175'24223651-95032444253-4-230171280-1-0.14-230171281-1-0.14-230171282-1-0.14-230171283-1-0.14
75'24223651-43103105532-4-230171308-1-0.14-230171309-1-0.14-230171310-1-0.14-230171311-1-0.14
175'24223651-02071278674-4-230171316-1-0.14-230171317-1-0.14-230171318-1-0.14-230171319-1-0.14
175'24223651-76050618015-4-230171304-1-0.14-230171305-1-0.14-230171306-1-0.14-230171307-1-0.14
175'24223651-64022228872-4-230171312-1-0.14-230171313-1-0.14-230171314-1-0.14-230171315-1-0.14
175'24223651-66013014052-4-230171671-1-0.14-230171672-1-0.14-230171673-1-0.14-230171674-1-0.14
175'24223651-63100115819-4-230171679-1-0.14-230171680-1-0.14-230171681-1-0.14-230171682-1-0.14
175'24223651-52062607036-4-230171707-1-0.14-230171708-1-0.14-230171709-1-0.14-230171710-1-0.14
175'24223651-60022809525-4-230171667-1-0.14-230171668-1-0.14-230171669-1-0.14-230171670-1-0.14
175'24223651-99020618517-4-230171711-1-0.14-230171712-1-0.14-230171713-1-0.14-230171714-1-0.14
175'24223651-90103044064-4-230171687-1-0.14-230171688-1-0.14-230171689-1-0.14-230171690-1-0.14
175'24223651-66072306416-4-230171715-1-0.14-230171716-1-0.14-230171717-1-0.14-230171718-1-0.14
175'24223651-89082437393-4-230171691-1-0.14-230171692-1-0.14-230171693-1-0.14-230171694-1-0.14
175'24223651-70101819001-4-230171699-1-0.14-230171700-1-0.14-230171701-1-0.14-230171702-1-0.14
175'24223651-60112607370-4-230171683-1-0.14-230171684-1-0.14-230171685-1-0.14-230171686-1-0.14
175'24223651-62061310383-4-230171723-1-0.14-230171724-1-0.14-230171725-1-0.14-230171726-1-0.14
175'24223651-68060926795-4-230171695-1-0.14-230171696-1-0.14-230171697-1-0.14-230171698-1-0.14
175'24223651-67040319597-4-230171719-1-0.14-230171720-1-0.14-230171721-1-0.14-230171722-1-0.14
175'24223651-92111440094-4-230171703-1-0.14-230171704-1-0.14-230171705-1-0.14-230171706-1-0.14
175'24223651-60071608455-4-230171675-1-0.14-230171676-1-0.14-230171677-1-0.14-230171678-1-0.14
175'24223651-89061034180-4-230171553-1-0.14-230171554-1-0.14-230171555-1-0.14-230171556-1-0.14
175'24223651-56090209614-4-230171573-1-0.14-230171574-1-0.14-230171575-1-0.14-230171576-1-0.14
175'24223651-93012717052-4-230171561-1-0.14-230171562-1-0.14-230171563-1-0.14-230171564-1-0.14
175'24223651-74010110011-4-230171549-1-0.14-230171550-1-0.14-230171551-1-0.14-230171552-1-0.14
175'24223651-92020148349-4-230171529-1-0.14-230171530-1-0.14-230171531-1-0.14-230171532-1-0.14
175'24223651-58081903877-4-230171545-1-0.14-230171546-1-0.14-230171547-1-0.14-230171548-1-0.14
175'24223651-89081034257-4-230171569-1-0.14-230171570-1-0.14-230171571-1-0.14-230171572-1-0.14
175'24223651-59092306914-4-230171533-1-0.14-230171534-1-0.14-230171535-1-0.14-230171536-1-0.14
175'24223651-70042309674-4-230171525-1-0.14-230171526-1-0.14-230171527-1-0.14-230171528-1-0.14
75'24223651-63062901005-4-230171577-1-0.14-230171578-1-0.14-230171579-1-0.14-230171580-1-0.14
175'24223651-69090338599-4-230171557-1-0.14-230171558-1-0.14-230171559-1-0.14-230171560-1-0.14
175'24223651-83081320751-4-230171541-1-0.14-230171542-1-0.14-230171543-1-0.14-230171544-1-0.14
175'24223651-90101941414-4-230171581-1-0.14-230171582-1-0.14-230171583-1-0.14-230171584-1-0.14
175'24223651-01071978039-4-230171565-1-0.14-230171566-1-0.14-230171567-1-0.14-230171568-1-0.14
230171537,230171538,230171539,230171540,
175'24223651-94111249551-4-230171816-1-0.14-230171817-1-0.14-230171818-1-0.14-230171819-1-0.14
175'24223651-00082375318-4-230171824-1-0.14-230171825-1-0.14-230171826-1-0.14-230171827-1-0.14
175'24223651-58082803892-4-230171828-1-0.14-230171829-1-0.14-230171830-1-0.14-230171831-1-0.14
175'24223651-46121405254-4-230171812-1-0.14-230171813-1-0.14-230171814-1-0.14-230171815-1-0.14
175'24223651-86041822095-4-230171808-1-0.14-230171809-1-0.14-230171810-1-0.14-230171811-1-0.14
175'24223651-98112116422-4-230171820-1-0.14-230171821-1-0.14-230171822-1-0.14-230171823-1-0.14
230170743,230170744,230170745,230170746,
230170767,230170768,230170769,230170770,
230170733,230170734,230170735,230170736,
175'24223651-60070414138-4-230170785-1-0.14-230170786-1-0.14-230170787-1-0.14-230170788-1-0.14
230170772,230170773,230170774,230170775,
230170729,230170730,230170731,230170732,
230170781,230170782,230170783,230170784,
175'24223651-07032260621-4-230170759-1-0.14-230170760-1-0.14-230170761-1-0.14-230170762-1-0.14
175'24223651-61122202579-4-230170751-1-0.14-230170752-1-0.14-230170753-1-0.14-230170754-1-0.14
230170737,230170738,230170739,230170740,
230170763,230170764,230170765,230170766,
230170725,230170726,230170727,230170728,
230170755,230170756,230170757,230170758,
175'24223651-66081610165-4-230170747-1-0.14-230170748-1-0.14-230170749-1-0.14-230170750-1-0.14
175'24223651-96111003686-4-230170776-1-0.14-230170777-1-0.14-230170778-1-0.14-230170779-1-0.14
175'24223651-61032707229-4-230171158-1-0.14-230171159-1-0.14-230171160-1-0.14-230171161-1-0.14
175'24223651-52031710173-4-230171121-1-0.14-230171122-1-0.14-230171123-1-0.14-230171124-1-0.14
175'24223651-63030321271-4-230171174-1-0.14-230171175-1-0.14-230171176-1-0.14-230171177-1-0.14
175'24223651-53040802716-4-230171117-1-0.14-230171118-1-0.14-230171119-1-0.14-230171120-1-0.14
175'24223651-83102221612-4-230171170-1-0.14-230171171-1-0.14-230171172-1-0.14-230171173-1-0.14
175'24223651-80052521022-4-230171133-1-0.14-230171134-1-0.14-230171135-1-0.14-230171136-1-0.14
175'24223651-99102719538-4-230171166-1-0.14-230171167-1-0.14-230171168-1-0.14-230171169-1-0.14
175'24223651-05051276706-4-230171162-1-0.14-230171163-1-0.14-230171164-1-0.14-230171165-1-0.14
175'24223651-66123113956-4-230171154-1-0.14-230171155-1-0.14-230171156-1-0.14-230171157-1-0.14
175'24223651-58020121836-4-230171137-1-0.14-230171138-1-0.14-230171139-1-0.14-230171140-1-0.14
175'24223651-54092505979-4-230171150-1-0.14-230171151-1-0.14-230171152-1-0.14-230171153-1-0.14
175'24223651-75020714450-4-230171125-1-0.14-230171126-1-0.14-230171127-1-0.14-230171128-1-0.14
230171141,230171142,230171143,230171144,
175'24223651-91111321047-4-230171146-1-0.14-230171147-1-0.14-230171148-1-0.14-230171149-1-0.14
175'24223651-69091605193-4-230171129-1-0.14-230171130-1-0.14-230171131-1-0.14-230171132-1-0.14
175'24223651-07082168413-4-230170632-1-0.14-230170633-1-0.14-230170634-1-0.14-230170635-1-0.14
175'24223651-71022513391-4-230170616-1-0.14-230170617-1-0.14-230170618-1-0.14-230170619-1-0.14
175'24223651-86112409455-4-230170596-1-0.14-230170597-1-0.14-230170598-1-0.14-230170599-1-0.14
175'24223651-95012230579-4-230170604-1-0.14-230170605-1-0.14-230170606-1-0.14-230170607-1-0.14
175'24223651-70122504530-4-230170600-1-0.14-230170601-1-0.14-230170602-1-0.14-230170603-1-0.14
175'24223651-81041221812-4-230170650-1-0.14-230170651-1-0.14-230170652-1-0.14-230170653-1-0.14
175'24223651-84061423059-4-230170612-1-0.14-230170613-1-0.14-230170614-1-0.14-230170615-1-0.14
175'24223651-40080602070-4-230170628-1-0.14-230170629-1-0.14-230170630-1-0.14-230170631-1-0.14
175'24223651-55050601657-4-230170608-1-0.14-230170609-1-0.14-230170610-1-0.14-230170611-1-0.14
175'24223651-74060821963-4-230170645-1-0.14-230170646-1-0.14-230170647-1-0.14-230170648-1-0.14
175'24223651-55052900374-4-230170636-1-0.14-230170637-1-0.14-230170638-1-0.14-230170639-1-0.14
175'24223651-95072544475-4-230170624-1-0.14-230170625-1-0.14-230170626-1-0.14-230170627-1-0.14
175'24223651-93082825697-4-230170641-1-0.14-230170642-1-0.14-230170643-1-0.14-230170644-1-0.14
175'24223651-90042728175-4-230170620-1-0.14-230170621-1-0.14-230170622-1-0.14-230170623-1-0.14
175'24223651-86080613297-4-230170592-1-0.14-230170593-1-0.14-230170594-1-0.14-230170595-1-0.14
175'24223651-49080406459-4-230171340-1-0.14-230171341-1-0.14-230171342-1-0.14-230171343-1-0.14
175'24223651-61122515532-4-230171364-1-0.14-230171365-1-0.14-230171366-1-0.14-230171367-1-0.14
175'24223651-63091608888-4-230171324-1-0.14-230171325-1-0.14-230171326-1-0.14-230171327-1-0.14
175'24223651-65042106594-4-230171360-1-0.14-230171361-1-0.14-230171362-1-0.14-230171363-1-0.14
175'24223651-65102129511-4-230171376-1-0.14-230171377-1-0.14-230171378-1-0.14-230171379-1-0.14
175'24223651-67071323498-4-230171336-1-0.14-230171337-1-0.14-230171338-1-0.14-230171339-1-0.14
175'24223651-70102907255-4-230171348-1-0.14-230171349-1-0.14-230171350-1-0.14-230171351-1-0.14
175'24223651-89032235775-4-230171344-1-0.14-230171345-1-0.14-230171346-1-0.14-230171347-1-0.14
175'24223651-91051917853-4-230171352-1-0.14-230171353-1-0.14-230171354-1-0.14-230171355-1-0.14
175'24223651-92010547931-4-230171332-1-0.14-230171333-1-0.14-230171334-1-0.14-230171335-1-0.14
175'24223651-92011541946-4-230171356-1-0.14-230171357-1-0.14-230171358-1-0.00-230171359-1-0.14
175'24223651-93053118770-4-230171368-1-0.14-230171369-1-0.14-230171370-1-0.14-230171371-1-0.14
175'24223651-95081013148-4-230171372-1-0.14-230171373-1-0.14-230171374-1-0.14-230171375-1-0.14


230169468
230169473
230169484
230169488
175'24223592-05082460304-1-230168421-1-1.81
175'24223592-49031227060-1-230168752-1-1.81
175'24223592-49091013170-1-230168431-1-1.81
175'24223592-51110114055-1-230168751-1-1.81
175'24223592-56110305172-1-230168748-1-1.81
175'24223592-58020607476-1-230168749-1-1.81
175'24223592-59041702688-1-230168754-1-1.81
175'24223592-62040825462-1-230168411-1-1.81
175'24223592-62102005964-1-230168407-1-1.81
175'24223592-62123004313-1-230168413-1-1.81
175'24223592-63042207211-1-230168419-1-1.81
175'24223592-64012829016-1-230168415-1-1.81
175'24223592-64072226286-1-230168747-1-1.81
175'24223592-64091310141-1-230168414-1-1.81
175'24223592-64102026861-1-230168423-1-1.81
175'24223592-65031827195-1-230168746-1-1.81
175'24223592-65081509153-1-230168764-1-1.81
175'24223592-66111509395-1-230168766-1-1.81
175'24223592-67121413935-1-230168765-1-1.81
175'24223592-67122424858-1-230168758-1-1.81
175'24223592-68082804171-1-230168767-1-1.81
175'24223592-70021207435-1-230168418-1-1.81
175'24223592-70121428032-1-230168427-1-1.81
175'24223592-71011109032-1-230168745-1-1.81
175'24223592-72042125751-1-230168426-1-1.81
175'24223592-74030914558-1-230168406-1-1.81
175'24223592-74082936857-1-230168412-1-1.81
175'24223592-75070714442-1-230168405-1-1.81
175'24223592-75122918776-1-230168759-1-1.81
175'24223592-76041616331-1-230168422-1-1.81
175'24223592-76110316234-1-230168410-1-1.81
175'24223592-76122516303-1-230168425-1-1.81
175'24223592-77101015951-1-230168750-1-1.81
175'24223592-78020728090-1-230168420-1-1.81
175'24223592-80050119950-1-230168763-1-1.81
175'24223592-84110425774-1-230168761-1-1.81
175'24223592-87101330731-1-230168756-1-1.81
175'24223592-89030443217-1-230168430-1-1.81
175'24223592-89090635696-1-230168757-1-1.81
175'24223592-89102344090-1-230168755-1-1.81
175'24223592-89110737427-1-230168762-1-1.81
175'24223592-92062150578-1-230168428-1-1.81
175'24223592-98031817206-1-230168429-1-1.81
175'24223592-98043023279-1-230168424-1-1.81
175'24223592-98070618186-1-230168760-1-1.81
175'24223592-99041519215-1-230168417-1-1.81
175'24223592-99052715303-1-230168416-1-1.81
175'24223673-00072379653-1-230169613-1-1.81
175'24223673-00091478262-1-230169682-1-1.81
175'24223673-01122377083-1-230169697-1-1.81
175'24223673-01123078161-1-230169748-1-1.81
175'24223673-03071182987-1-230169754-1-1.81
175'24223673-03102982256-1-230169456-1-1.81
175'24223673-04021179527-1-230169549-1-1.81
175'24223673-05082460304-1-230169575-1-1.81
175'24223673-06092679776-1-230169449-1-1.81
175'24223673-46051506152-1-230169716-1-1.81
175'24223673-50060208309-1-230169545-1-1.81
175'24223673-50110706675-1-230169743-1-1.81
175'24223673-51121005934-1-230169540-1-1.81
175'24223673-52022505391-1-230169532-1-1.81
175'24223673-53041506571-1-230169541-1-1.81
175'24223673-53091810770-1-230169612-1-1.81
175'24223673-53101108875-1-230169489-1-1.81
175'24223673-54101408737-1-230169753-1-1.81
175'24223673-55061609359-1-230169560-1-1.81
175'24223673-55072803974-1-230169571-1-1.81
175'24223673-58042805773-1-230169443-1-1.81
175'24223673-58062102852-1-230169472-1-1.81
175'24223673-58101620995-1-230169553-1-1.81
175'24223673-59111609673-1-230169676-1-1.81
175'24223673-59121707449-1-230169756-1-1.81
175'24223673-60010211758-1-230169487-1-1.81
175'24223673-60012823674-1-230169690-1-1.81
175'24223673-60091910513-1-230169547-1-1.81
175'24223673-61073007214-1-230169478-1-1.81
175'24223673-61122515532-1-230169657-1-1.81
175'24223673-62021916369-1-230169555-1-1.81
175'24223673-62040825462-1-230169563-1-1.81
175'24223673-62102005964-1-230169559-1-1.81
175'24223673-62123004313-1-230169565-1-1.81
175'24223673-63021510471-1-230169747-1-1.81
175'24223673-63042207211-1-230169572-1-1.81
175'24223673-63052724621-1-230169524-1-1.81
175'24223673-63060208134-1-230169617-1-1.81
175'24223673-63071515285-1-230169618-1-1.81
175'24223673-63080919496-1-230169548-1-1.81
175'24223673-63091331677-1-230169702-1-1.81
175'24223673-63092818070-1-230169471-1-1.81
175'24223673-63100112170-1-230169544-1-1.81
175'24223673-63102428713-1-230169667-1-1.81
175'24223673-63111105754-1-230169662-1-1.81
175'24223673-64062609018-1-230169537-1-1.81
175'24223673-64091310141-1-230169566-1-1.81
175'24223673-64110209635-1-230169715-1-1.81
175'24223673-65012412452-1-230169683-1-1.81
175'24223673-65021420438-1-230169477-1-1.81
175'24223673-65040709516-1-230169550-1-1.81
175'24223673-65081429442-1-230169717-1-1.81
175'24223673-65081509153-1-230169605-1-1.81
175'24223673-65082804556-1-230169692-1-1.81
175'24223673-65101309891-1-230169526-1-1.81
175'24223673-66011227112-1-230169673-1-1.81
175'24223673-66061504239-1-230169459-1-1.81
175'24223673-66070616899-1-230169688-1-1.81
175'24223673-66111509395-1-230169607-1-1.81
175'24223673-66111608220-1-230169624-1-1.81
175'24223673-66112624570-1-230169755-1-1.81
175'24223673-66120524718-1-230169749-1-1.81
175'24223673-67032106922-1-230169535-1-1.81
175'24223673-67060306718-1-230169681-1-1.81
175'24223673-67061813433-1-230169761-1-1.81
175'24223673-67120604216-1-230169699-1-1.81
175'24223673-67121413935-1-230169606-1-1.81
175'24223673-68011204057-1-230169671-1-1.81
175'24223673-68020210515-1-230169660-1-1.81
175'24223673-68041824277-1-230169481-1-1.81
175'24223673-68060411596-1-230169485-1-1.81
175'24223673-68081723437-1-230169615-1-1.81
175'24223673-68082804171-1-230169608-1-1.81
175'24223673-68091503716-1-230169531-1-1.81
175'24223673-68102125996-1-230169543-1-1.81
175'24223673-69032905730-1-230169462-1-1.81
175'24223673-69041725650-1-230169445-1-1.81
175'24223673-69082808310-1-230169523-1-1.81
175'24223673-69122723886-1-230169480-1-1.81
175'24223673-70021207435-1-230169552-1-1.81
175'24223673-70091618088-1-230169551-1-1.81
175'24223673-70100120263-1-230169463-1-1.81
175'24223673-70111028733-1-230169450-1-1.81
175'24223673-71011326422-1-230169689-1-1.81
175'24223673-71050307897-1-230169465-1-1.81
175'24223673-71050307897-1-230169465-1-1.81
175'24223673-71071125412-1-230169666-1-1.81
175'24223673-71081312100-1-230169744-1-1.81
175'24223673-71120915954-1-230169454-1-1.81
175'24223673-71121007770-1-230169619-1-1.81
175'24223673-72052209214-1-230169700-1-1.81
175'24223673-72061207562-1-230169711-1-1.81
175'24223673-72071815197-1-230169693-1-1.81
175'24223673-72080905797-1-230169536-1-1.81
175'24223673-72091320837-1-230169762-1-1.81
175'24223673-73010515034-1-230169457-1-1.81
175'24223673-73012207784-1-230169620-1-1.81
175'24223673-73031537512-1-230169679-1-1.81
175'24223673-73081100519-1-230169533-1-1.81
175'24223673-73102402171-1-230169444-1-1.81
175'24223673-73102505173-1-230169686-1-1.81
175'24223673-73120518954-1-230169474-1-1.81
175'24223673-74022443632-1-230169674-1-1.81
175'24223673-74030914558-1-230169558-1-1.81
175'24223673-74051509237-1-230169556-1-1.81
175'24223673-74082439350-1-230169491-1-1.81
175'24223673-74082936857-1-230169564-1-1.81
175'24223673-74101334934-1-230169525-1-1.81
175'24223673-74112511905-1-230169750-1-1.81
175'24223673-75021110497-1-230169757-1-1.81
175'24223673-75051016194-1-230169611-1-1.81
175'24223673-75062616266-1-230169479-1-1.81
175'24223673-75062917971-1-230169687-1-1.81
175'24223673-75063018039-1-230169546-1-1.81
175'24223673-75070714442-1-230169557-1-1.81
175'24223673-76021516317-1-230169626-1-1.81
175'24223673-76041616331-1-230169576-1-1.81
175'24223673-76050618015-1-230169698-1-1.81
175'24223673-76051216400-1-230169475-1-1.81
175'24223673-76080511510-1-230169658-1-1.81
175'24223673-76080711487-1-230169701-1-1.81
175'24223673-76110316234-1-230169562-1-1.81
175'24223673-76122610238-1-230169625-1-1.81
175'24223673-78020728090-1-230169573-1-1.81
175'24223673-78022225056-1-230169752-1-1.81
175'24223673-78073130856-1-230169455-1-1.81
175'24223673-78110627138-1-230169622-1-1.81
175'24223673-79082724904-1-230169448-1-1.81
175'24223673-80010915340-1-230169610-1-1.81
175'24223673-80042922030-1-230169452-1-1.81
175'24223673-80050119950-1-230169604-1-1.81
175'24223673-81010523192-1-230169486-1-1.81
175'24223673-81042617715-1-230169751-1-1.81
175'24223673-81050625675-1-230169446-1-1.81
175'24223673-81051112332-1-230169461-1-1.81
175'24223673-81061516368-1-230169447-1-1.81
175'24223673-81101721035-1-230169466-1-1.81
175'24223673-83010816674-1-230169453-1-1.81
175'24223673-83092715854-1-230169746-1-1.81
175'24223673-84040121668-1-230169663-1-1.81
175'24223673-84110425774-1-230169602-1-1.81
175'24223673-85042122986-1-230169451-1-1.81
175'24223673-85082122049-1-230169661-1-1.81
175'24223673-86011718135-1-230169469-1-1.81
175'24223673-86012028096-1-230169616-1-1.81
175'24223673-86070421656-1-230169696-1-1.81
175'24223673-86090622492-1-230169669-1-1.81
175'24223673-86092120056-1-230169712-1-1.81
175'24223673-86100227083-1-230169703-1-1.81
175'24223673-86100523934-1-230169467-1-1.81
175'24223673-87012025932-1-230169759-1-1.81
175'24223673-87052625853-1-230169672-1-1.81
175'24223673-87071035033-1-230169473-1-1.81
175'24223673-87112431087-1-230169714-1-1.81
175'24223673-88060131299-1-230169490-1-1.81
175'24223673-88061228099-1-230169680-1-1.81
175'24223673-89081743076-1-230169691-1-1.81
175'24223673-89082336628-1-230169534-1-1.81
175'24223673-89092637539-1-230169458-1-1.81
175'24223673-89110737427-1-230169603-1-1.81
175'24223673-90020445256-1-230169492-1-1.81
175'24223673-90102242172-1-230169659-1-1.81
175'24223673-91052047237-1-230169675-1-1.81
175'24223673-91080942306-1-230169538-1-1.81
175'24223673-91100640331-1-230169529-1-1.81
175'24223673-91120216819-1-230169713-1-1.81
175'24223673-93040820017-1-230169694-1-1.81
175'24223673-93092000613-1-230169665-1-1.81
175'24223673-93110819883-1-230169542-1-1.81
175'24223673-94061146590-1-230169745-1-1.81
175'24223673-95022538903-1-230169621-1-1.81
175'24223673-95030944663-1-230169623-1-1.81
175'24223673-95051848979-1-230169678-1-1.81
175'24223673-95080448578-1-230169609-1-1.81
175'24223673-95100247074-1-230169760-1-1.81
175'24223673-96072420214-1-230169530-1-1.81
175'24223673-97112218330-1-230169539-1-1.81
175'24223673-98010918893-1-230169677-1-1.81
175'24223673-98061315315-1-230169668-1-1.81
175'24223673-98082019851-1-230169482-1-1.81
175'24223673-98092120573-1-230169670-1-1.81
175'24223673-99041519215-1-230169570-1-1.81
175'24223673-99052715303-1-230169568-1-1.81
175'24223673-99112715071-1-230169522-1-1.81
175'24223695-00080375150-1-230169939-1-1.81
175'24223695-00102278032-1-230169795-1-1.81
175'24223695-01083075457-1-230169782-1-1.81
175'24223695-02060379475-1-230169768-1-1.81
175'24223695-03030461526-1-230169767-1-1.81
175'24223695-03051279853-1-230169794-1-1.81
175'24223695-03083180975-1-230169930-1-1.81
175'24223695-05030978018-1-230169928-1-1.81
175'24223695-06040776271-1-230169974-1-1.81
175'24223695-45053120173-1-230169777-1-1.81
175'24223695-46081707128-1-230169763-1-1.81
175'24223695-48010206872-1-230169796-1-1.81
175'24223695-49111806081-1-230169940-1-1.81
175'24223695-50033109118-1-230169946-1-1.81
175'24223695-55050925378-1-230169971-1-1.81
175'24223695-57062103710-1-230169935-1-1.81
175'24223695-57093022125-1-230169927-1-1.81
175'24223695-57111908045-1-230169917-1-1.81
175'24223695-58101308145-1-230169954-1-1.81
175'24223695-59092012133-1-230169958-1-1.81
175'24223695-60021113890-1-230169779-1-1.81
175'24223695-60101316411-1-230169933-1-1.81
175'24223695-61040706952-1-230169943-1-1.81
175'24223695-62020814116-1-230169797-1-1.81
175'24223695-62040708018-1-230169764-1-1.81
175'24223695-62080401753-1-230169787-1-1.81
175'24223695-63052610377-1-230169972-1-1.81
175'24223695-63062213850-1-230169783-1-1.81
175'24223695-63081022399-1-230169966-1-1.81
175'24223695-64120909871-1-230169786-1-1.81
175'24223695-64123028454-1-230169960-1-1.81
175'24223695-65022207590-1-230169907-1-1.81
175'24223695-65082511658-1-230169980-1-1.81
175'24223695-66011727405-1-230169789-1-1.81
175'24223695-66062622111-1-230169780-1-1.81
175'24223695-66080905517-1-230169766-1-1.81
175'24223695-66111910952-1-230169790-1-1.81
175'24223695-67100530057-1-230169932-1-1.81
175'24223695-68012810005-1-230169973-1-1.81
175'24223695-68021207934-1-230169937-1-1.81
175'24223695-68060727531-1-230169916-1-1.81
175'24223695-68081604497-1-230169952-1-1.81
175'24223695-69050613276-1-230169781-1-1.81
175'24223695-69062709261-1-230169920-1-1.81
175'24223695-70020612564-1-230169926-1-1.81
175'24223695-70030915493-1-230169912-1-1.81
175'24223695-70071707710-1-230169977-1-1.81
175'24223695-70100712010-1-230169950-1-1.81
175'24223695-71110910596-1-230169784-1-1.81
175'24223695-71121723724-1-230169875-1-1.81
175'24223695-72020306713-1-230169785-1-1.81
175'24223695-73042902615-1-230169921-1-1.81
175'24223695-73102618358-1-230169964-1-1.81
175'24223695-73112626117-1-230169962-1-1.81
175'24223695-73122702054-1-230169792-1-1.81
175'24223695-74021514480-1-230169936-1-1.81
175'24223695-74040910564-1-230169922-1-1.81
175'24223695-74061330703-1-230169949-1-1.81
175'24223695-74082414499-1-230169948-1-1.81
175'24223695-74092835875-1-230169979-1-1.81
175'24223695-74100813032-1-230169798-1-1.81
175'24223695-75102810568-1-230169969-1-1.81
175'24223695-75111013791-1-230169975-1-1.81
175'24223695-75122018411-1-230169961-1-1.81
175'24223695-76011816278-1-230169965-1-1.81
175'24223695-76080917156-1-230169942-1-1.81
175'24223695-77031521575-1-230169788-1-1.81
175'24223695-77041023684-1-230169910-1-1.81
175'24223695-77080225817-1-230169957-1-1.81
175'24223695-77081219102-1-230169951-1-1.81
175'24223695-77090620057-1-230169967-1-1.81
175'24223695-80061619913-1-230169778-1-1.81
175'24223695-81122819916-1-230169793-1-1.81
175'24223695-82070730669-1-230169938-1-1.81
175'24223695-83100719431-1-230169959-1-1.81
175'24223695-84012118097-1-230169929-1-1.81
175'24223695-84093017614-1-230169978-1-1.81
175'24223695-84120822203-1-230169955-1-1.81
175'24223695-85041821765-1-230169925-1-1.81
175'24223695-85061118506-1-230169769-1-1.81
175'24223695-85071623171-1-230169909-1-1.81
175'24223695-85091721321-1-230169924-1-1.81
175'24223695-86020827048-1-230169923-1-1.81
175'24223695-86112726831-1-230169931-1-1.81
175'24223695-87011926410-1-230169956-1-1.81
175'24223695-88090423456-1-230169914-1-1.81
175'24223695-88111726179-1-230169947-1-1.81
175'24223695-89050838597-1-230169918-1-1.81
175'24223695-89081341963-1-230169944-1-1.81
175'24223695-89092828190-1-230169963-1-1.81
175'24223695-90082047454-1-230169913-1-1.81
175'24223695-90110646039-1-230169919-1-1.81
175'24223695-91062945754-1-230169908-1-1.81
175'24223695-92011719303-1-230169911-1-1.81
175'24223695-93031719770-1-230169876-1-1.81
175'24223695-93040324582-1-230169915-1-1.81
175'24223695-93071023614-1-230169934-1-1.81
175'24223695-95052848095-1-230169791-1-1.81
175'24223695-96042623670-1-230169765-1-1.81
175'24223695-97102321335-1-230169976-1-1.81
175'24223695-97110501541-1-230169770-1-1.81
175'24223695-98081922734-1-230169941-1-1.81